
export const data = {
  keys: {
    商业: 3,
    房地产及建筑业: 1,
    农业: 2,
  },
  items: [
    ['潮州市', '999', '1487', '29859', '32345'],
    ['东莞市', '20688', '1170', '484610', '506469'],
    ['佛山市', '18664', '2695', '322951', '344310'],
    ['广州市', '49469', '6868', '838449', '894786'],
    ['河源市', '4536', '9197', '77638', '91371'],
    ['惠州市', '22431', '6431', '238148', '267010'],
    ['江门市', '8965', '3599', '203801', '216364'],
    ['揭阳市', '1696', '2420', '65348', '69463'],
    ['茂名市', '4252', '6983', '118176', '129411'],
    ['梅州市', '6150', '9705', '110961', '126816'],
    ['清远市', '5592', '8830', '96838', '111260'],
    ['汕头市', '3785', '1454', '94674', '99913'],
    ['汕尾市', '1899', '3733', '54707', '60339'],
    ['韶关市', '4271', '7558', '73380', '85208'],
    ['深圳市', '64289', '6057', '1468935', '1539281'],
    ['阳江市', '2801', '2385', '59279', '64465'],
    ['云浮市', '2261', '2490', '46768', '51519'],
    ['湛江市', '4297', '6099', '119533', '129929'],
    ['肇庆市', '5834', '4531', '103759', '114124'],
    ['中山市', '10234', '1564', '141807', '153605'],
    ['珠海市', '19017', '1506', '155786', '176308'],
    ['广东省', '262130', '96761', '4905406', '5264297']
  ]
}

//城市	房地产业	建筑业	总计
export const subData = {
  '房地产及建筑业': {
    keys: {
      房地产业: 1,
      建筑业: 2
    },
    proportion: {
      房地产业: 6,
      建筑业: 8
    },
    items: [
      ['潮州市', '360', '639', '999'],
      ['东莞市', '6663', '14025', '20688'],
      ['佛山市', '8431', '10233', '18664'],
      ['广州市', '18964', '30505', '49469'],
      ['河源市', '1518', '3019', '4536'],
      ['惠州市', '10112', '12319', '22431'],
      ['江门市', '3012', '5953', '8965'],
      ['揭阳市', '574', '1122', '1696'],
      ['茂名市', '1660', '2592', '4252'],
      ['梅州市', '1668', '4482', '6150'],
      ['清远市', '2756', '2836', '5592'],
      ['汕头市', '1583', '2202', '3785'],
      ['汕尾市', '897', '1002', '1899'],
      ['韶关市', '1274', '2997', '4271'],
      ['深圳市', '26528', '37761', '64289'],
      ['阳江市', '1321', '1480', '2801'],
      ['云浮市', '697', '1564', '2261'],
      ['湛江市', '1863', '2434', '4297'],
      ['肇庆市', '2385', '3449', '5834'],
      ['中山市', '3814', '6420', '10234'],
      ['珠海市', '8428', '10589', '19017'],
      ['广东省', '104505', '157625', '262130'],
    ]
  },

  //城市	农、林、牧、渔业	总计
  '农业': {
    keys: {
      '农、林、牧、渔业': 1
    },
    proportion: {
      '农、林、牧、渔业': 12
    },
    items: [
      ['潮州市', '1487', '1487'],
      ['东莞市', '1170', '1170'],
      ['佛山市', '2695', '2695'],
      ['广州市', '6868', '6868'],
      ['河源市', '9197', '9197'],
      ['惠州市', '6431', '6431'],
      ['江门市', '3599', '3599'],
      ['揭阳市', '2420', '2420'],
      ['茂名市', '6983', '6983'],
      ['梅州市', '9705', '9705'],
      ['清远市', '8830', '8830'],
      ['汕头市', '1454', '1454'],
      ['汕尾市', '3733', '3733'],
      ['韶关市', '7558', '7558'],
      ['深圳市', '6057', '6057'],
      ['阳江市', '2385', '2385'],
      ['云浮市', '2490', '2490'],
      ['湛江市', '6099', '6099'],
      ['肇庆市', '4531', '4531'],
      ['中山市', '1564', '1564'],
      ['珠海市', '1506', '1506'],
      ['广东省', '96761', '96761']
    ]
  },

  商业: {
    keys: {
      '居民服务、修理和其他服务业': 1,
      科学研究和技术服务业: 2,
      批发和零售业: 3,
      '水利、环境和公共设施管理业': 4,
      '文化、体育和娱乐业': 5,
      住宿和餐饮业: 6,
      租赁和商务服务业: 7
    },
    proportion: {
      '居民服务、修理和其他服务业': 3,
      科学研究和技术服务业: 2,
      批发和零售业: 5,
      '水利、环境和公共设施管理业': 1,
      '文化、体育和娱乐业': 2,
      住宿和餐饮业: 4,
      租赁和商务服务业: 4
    },
    items: [
      ['潮州市', '1928', '496', '20750', '84', '225', '4882', '1494', '29859'],
      ['东莞市', '24110', '9929', '346321', '1193', '3710', '54633', '44715', '484610'],
      ['佛山市', '22610', '11438', '211224', '1001', '4833', '42524', '29320', '322951'],
      ['广州市', '36641', '108020', '477913', '1345', '22536', '78360', '113634', '838449'],
      ['河源市', '6787', '770', '53383', '270', '665', '10779', '4982', '77638'],
      ['惠州市', '17922', '1768', '163841', '1054', '1742', '34001', '17820', '238148'],
      ['江门市', '12624', '2649', '84707', '450', '2105', '20733', '80533', '203801'],
      ['揭阳市', '3777', '549', '48289', '204', '345', '9194', '2990', '65348'],
      ['茂名市', '10405', '1213', '87806', '216', '1082', '12336', '5118', '118176'],
      ['梅州市', '10448', '918', '77522', '367', '1257', '14097', '6351', '110961'],
      ['清远市', '8618', '1315', '66478', '362', '848', '13121', '6097', '96838'],
      ['汕头市', '5509', '1030', '65816', '174', '651', '15653', '5843', '94674'],
      ['汕尾市', '4637', '338', '38341', '84', '470', '8718', '2118', '54707'],
      ['韶关市', '6854', '983', '49938', '276', '657', '10277', '4395', '73380'],
      ['深圳市', '65592', '39259', '1068821', '2682', '16169', '138806', '137609', '1468935'],
      ['阳江市', '5736', '575', '39990', '134', '545', '8934', '3365', '59279'],
      ['云浮市', '4463', '657', '31916', '125', '389', '5736', '3482', '46768'],
      ['湛江市', '10153', '1472', '86793', '172', '893', '14013', '6036', '119533'],
      ['肇庆市', '9576', '1237', '71639', '250', '955', '14224', '5879', '103759'],
      ['中山市', '11760', '1810', '93171', '384', '2148', '22507', '10027', '141807'],
      ['珠海市', '6453', '10120', '86281', '461', '2844', '10263', '39363', '155786'],
      ['广东省', '286604', '196547', '3270941', '11287', '65069', '543791', '531168', '4905406']
    ]
  }
}