
export const data = {
  keys: {
    商业: 3,
    房地产及建筑业: 1,
    农业: 2,
  },
  items: [
    ['潮州市', '1733', '2579', '51788', '56100'],
    ['东莞市', '35882', '2030', '840516', '878428'],
    ['佛山市', '32372', '4674', '560131', '597177'],
    ['广州市', '85800', '11912', '1454219', '1551931'],
    ['河源市', '7868', '15951', '134656', '158475'],
    ['惠州市', '38905', '11154', '413048', '463107'],
    ['江门市', '15549', '6242', '353475', '375266'],
    ['揭阳市', '2941', '4197', '113340', '120478'],
    ['茂名市', '7374', '12112', '204967', '224453'],
    ['梅州市', '10667', '16832', '192453', '219952'],
    ['清远市', '9698', '15315', '167958', '192971'],
    ['汕头市', '6564', '2521', '164205', '173290'],
    ['汕尾市', '3294', '6475', '94884', '104653'],
    ['韶关市', '7407', '13109', '127271', '147787'],
    ['深圳市', '111504', '10505', '2547746', '2669755'],
    ['阳江市', '4858', '4137', '102814', '111809'],
    ['云浮市', '3922', '4318', '81116', '89356'],
    ['湛江市', '7453', '10578', '207320', '225351'],
    ['肇庆市', '10118', '7858', '179962', '197938'],
    ['中山市', '17750', '2713', '245952', '266415'],
    ['珠海市', '32983', '2612', '270197', '305792'],
    ['广东省', '454642', '167824', '8508018', '9130484']
  ]
}

//城市	房地产业	建筑业	总计
export const subData = {
  '房地产及建筑业': {
    keys: {
      房地产业: 1,
      建筑业: 2
    },
    proportion: {
      房地产业: 6,
      建筑业: 8
    },
    items: [
      ['潮州市', '624', '1109', '1733'],
      ['东莞市', '11556', '24326', '35882'],
      ['佛山市', '14623', '17749', '32372'],
      ['广州市', '32891', '52909', '85800'],
      ['河源市', '2632', '5236', '7868'],
      ['惠州市', '17538', '21367', '38905'],
      ['江门市', '5224', '10325', '15549'],
      ['揭阳市', '995', '1946', '2941'],
      ['茂名市', '2879', '4495', '7374'],
      ['梅州市', '2893', '7774', '10667'],
      ['清远市', '4780', '4918', '9698'],
      ['汕头市', '2745', '3819', '6564'],
      ['汕尾市', '1556', '1738', '3294'],
      ['韶关市', '2209', '5198', '7407'],
      ['深圳市', '46010', '65494', '111504'],
      ['阳江市', '2291', '2567', '4858'],
      ['云浮市', '1209', '2713', '3922'],
      ['湛江市', '3231', '4222', '7453'],
      ['肇庆市', '4136', '5982', '10118'],
      ['中山市', '6615', '11135', '17750'],
      ['珠海市', '14618', '18365', '32983'],
      ['广东省', '181255', '273387', '454642']
    ]
  },

  //城市	农、林、牧、渔业	总计
  '农业': {
    keys: {
      '农、林、牧、渔业': 1
    },
    proportion: {
      '农、林、牧、渔业': 12
    },
    items: [
      ['潮州市', '2579', '2579'],
      ['东莞市', '2030', '2030'],
      ['佛山市', '4674', '4674'],
      ['广州市', '11912', '11912'],
      ['河源市', '15951', '15951'],
      ['惠州市', '11154', '11154'],
      ['江门市', '6242', '6242'],
      ['揭阳市', '4197', '4197'],
      ['茂名市', '12112', '12112'],
      ['梅州市', '16832', '16832'],
      ['清远市', '15315', '15315'],
      ['汕头市', '2521', '2521'],
      ['汕尾市', '6475', '6475'],
      ['韶关市', '13109', '13109'],
      ['深圳市', '10505', '10505'],
      ['阳江市', '4137', '4137'],
      ['云浮市', '4318', '4318'],
      ['湛江市', '10578', '10578'],
      ['肇庆市', '7858', '7858'],
      ['中山市', '2713', '2713'],
      ['珠海市', '2612', '2612'],
      ['广东省', '167824', '167824']
    ]
  },

  商业: {
    keys: {
      '居民服务、修理和其他服务业': 1,
      科学研究和技术服务业: 2,
      批发和零售业: 3,
      '水利、环境和公共设施管理业': 4,
      '文化、体育和娱乐业': 5,
      住宿和餐饮业: 6,
      租赁和商务服务业: 7
    },
    proportion: {
      '居民服务、修理和其他服务业': 3,
      科学研究和技术服务业: 2,
      批发和零售业: 5,
      '水利、环境和公共设施管理业': 1,
      '文化、体育和娱乐业': 2,
      住宿和餐饮业: 4,
      租赁和商务服务业: 4
    },
    items: [
      ['潮州市', '3344', '860', '35990', '145', '390', '8468', '2591', '51788'],
      ['东莞市', '41817', '17221', '600664', '2070', '6434', '94756', '77554', '840516'],
      ['佛山市', '39215', '19839', '366350', '1737', '8382', '73755', '50853', '560131'],
      ['广州市', '63550', '187352', '828901', '2332', '39087', '135909', '197088', '1454219'],
      ['河源市', '11772', '1336', '92589', '469', '1154', '18695', '8641', '134656'],
      ['惠州市', '31085', '3067', '284168', '1828', '3021', '58972', '30907', '413048'],
      ['江门市', '21896', '4594', '146917', '780', '3651', '35960', '139677', '353475'],
      ['揭阳市', '6551', '952', '83753', '353', '599', '15946', '5186', '113340'],
      ['茂名市', '18047', '2104', '152292', '375', '1877', '21396', '8876', '204967'],
      ['梅州市', '18121', '1593', '134455', '637', '2181', '24450', '11016', '192453'],
      ['清远市', '14947', '2280', '115301', '627', '1471', '22758', '10574', '167958'],
      ['汕头市', '9555', '1786', '114152', '301', '1129', '27148', '10134', '164205'],
      ['汕尾市', '8042', '587', '66500', '146', '815', '15121', '3673', '94884'],
      ['韶关市', '11888', '1705', '86613', '479', '1139', '17825', '7622', '127271'],
      ['深圳市', '113763', '68091', '1853780', '4651', '28043', '240747', '238671', '2547746'],
      ['阳江市', '9948', '997', '69360', '233', '945', '15495', '5836', '102814'],
      ['云浮市', '7740', '1140', '55356', '217', '675', '9948', '6040', '81116'],
      ['湛江市', '17610', '2553', '150536', '299', '1549', '24304', '10469', '207320'],
      ['肇庆市', '16609', '2145', '124252', '433', '1657', '24670', '10196', '179962'],
      ['中山市', '20397', '3139', '161598', '666', '3725', '39036', '17391', '245952'],
      ['珠海市', '11193', '17553', '149647', '799', '4932', '17801', '68272', '270197'],
      ['广东省', '497090', '340894', '5673174', '19577', '112856', '943160', '921267', '8508018']
    ]
  }
}